step_phase_debug: true
swing_vel_min: 0.4
swing_vel_middle_max: -1
swing_acc_min: 10.5

middle_swing_timeout: 0.7
heel_down_duration_min: 0.5

gait_min_Vacc:  10
stance_max_Vacc: 2
gait_detection_window: 5

acc_bias: [0.1419213158, 0.1884419967, -0.0624002692]
acc_scale: [0.9508978759, 0.9620042101, 0.9734972434]

#acc_bias: [0.1174998283, 0.1340003014, 1.9319996834]
#acc_scale: [1.0323161627, 1.0255777952, 0.9467505739]

test: false

g_value: 9.8123
